# Created by Octave 5.2.0, Sun Jun 20 20:41:02 2021 -03 <marcos@marcos-H110M-S2PH>
# name: active_images
# type: matrix
# rows: 1
# columns: 6
 1 1 1 1 1 1


# name: ind_active
# type: lazy_index
# name: index_value
# type: matrix
# rows: 1
# columns: 6
 1 2 3 4 5 6




# name: wintx
# type: scalar
5


# name: winty
# type: scalar
5


# name: n_ima
# type: scalar
6


# name: type_numbering
# type: scalar
1


# name: N_slots
# type: scalar
1


# name: first_num
# type: scalar
1


# name: image_numbers
# type: range
# base, limit, increment
1 6 1


# name: format_image
# type: sq_string
# elements: 1
# length: 3
jpg


# name: calib_name
# type: sq_string
# elements: 1
# length: 5
image


# name: Hcal
# type: scalar
3024


# name: Wcal
# type: scalar
3024


# name: nx
# type: scalar
3024


# name: ny
# type: scalar
3024


# name: map
# type: matrix
# rows: 256
# columns: 3
 0 0 0
 0.0039215686274509803 0.0039215686274509803 0.0039215686274509803
 0.0078431372549019607 0.0078431372549019607 0.0078431372549019607
 0.011764705882352941 0.011764705882352941 0.011764705882352941
 0.015686274509803921 0.015686274509803921 0.015686274509803921
 0.019607843137254902 0.019607843137254902 0.019607843137254902
 0.023529411764705882 0.023529411764705882 0.023529411764705882
 0.027450980392156862 0.027450980392156862 0.027450980392156862
 0.031372549019607843 0.031372549019607843 0.031372549019607843
 0.035294117647058823 0.035294117647058823 0.035294117647058823
 0.039215686274509803 0.039215686274509803 0.039215686274509803
 0.043137254901960784 0.043137254901960784 0.043137254901960784
 0.047058823529411764 0.047058823529411764 0.047058823529411764
 0.050980392156862744 0.050980392156862744 0.050980392156862744
 0.054901960784313725 0.054901960784313725 0.054901960784313725
 0.058823529411764705 0.058823529411764705 0.058823529411764705
 0.062745098039215685 0.062745098039215685 0.062745098039215685
 0.066666666666666666 0.066666666666666666 0.066666666666666666
 0.070588235294117646 0.070588235294117646 0.070588235294117646
 0.074509803921568626 0.074509803921568626 0.074509803921568626
 0.078431372549019607 0.078431372549019607 0.078431372549019607
 0.082352941176470587 0.082352941176470587 0.082352941176470587
 0.086274509803921567 0.086274509803921567 0.086274509803921567
 0.090196078431372548 0.090196078431372548 0.090196078431372548
 0.094117647058823528 0.094117647058823528 0.094117647058823528
 0.098039215686274508 0.098039215686274508 0.098039215686274508
 0.10196078431372549 0.10196078431372549 0.10196078431372549
 0.10588235294117647 0.10588235294117647 0.10588235294117647
 0.10980392156862745 0.10980392156862745 0.10980392156862745
 0.11372549019607843 0.11372549019607843 0.11372549019607843
 0.11764705882352941 0.11764705882352941 0.11764705882352941
 0.12156862745098039 0.12156862745098039 0.12156862745098039
 0.12549019607843137 0.12549019607843137 0.12549019607843137
 0.12941176470588237 0.12941176470588237 0.12941176470588237
 0.13333333333333333 0.13333333333333333 0.13333333333333333
 0.13725490196078433 0.13725490196078433 0.13725490196078433
 0.14117647058823529 0.14117647058823529 0.14117647058823529
 0.14509803921568629 0.14509803921568629 0.14509803921568629
 0.14901960784313725 0.14901960784313725 0.14901960784313725
 0.15294117647058825 0.15294117647058825 0.15294117647058825
 0.15686274509803921 0.15686274509803921 0.15686274509803921
 0.16078431372549021 0.16078431372549021 0.16078431372549021
 0.16470588235294117 0.16470588235294117 0.16470588235294117
 0.16862745098039217 0.16862745098039217 0.16862745098039217
 0.17254901960784313 0.17254901960784313 0.17254901960784313
 0.17647058823529413 0.17647058823529413 0.17647058823529413
 0.1803921568627451 0.1803921568627451 0.1803921568627451
 0.18431372549019609 0.18431372549019609 0.18431372549019609
 0.18823529411764706 0.18823529411764706 0.18823529411764706
 0.19215686274509805 0.19215686274509805 0.19215686274509805
 0.19607843137254902 0.19607843137254902 0.19607843137254902
 0.20000000000000001 0.20000000000000001 0.20000000000000001
 0.20392156862745098 0.20392156862745098 0.20392156862745098
 0.20784313725490197 0.20784313725490197 0.20784313725490197
 0.21176470588235294 0.21176470588235294 0.21176470588235294
 0.21568627450980393 0.21568627450980393 0.21568627450980393
 0.2196078431372549 0.2196078431372549 0.2196078431372549
 0.22352941176470589 0.22352941176470589 0.22352941176470589
 0.22745098039215686 0.22745098039215686 0.22745098039215686
 0.23137254901960785 0.23137254901960785 0.23137254901960785
 0.23529411764705882 0.23529411764705882 0.23529411764705882
 0.23921568627450981 0.23921568627450981 0.23921568627450981
 0.24313725490196078 0.24313725490196078 0.24313725490196078
 0.24705882352941178 0.24705882352941178 0.24705882352941178
 0.25098039215686274 0.25098039215686274 0.25098039215686274
 0.25490196078431371 0.25490196078431371 0.25490196078431371
 0.25882352941176473 0.25882352941176473 0.25882352941176473
 0.2627450980392157 0.2627450980392157 0.2627450980392157
 0.26666666666666666 0.26666666666666666 0.26666666666666666
 0.27058823529411763 0.27058823529411763 0.27058823529411763
 0.27450980392156865 0.27450980392156865 0.27450980392156865
 0.27843137254901962 0.27843137254901962 0.27843137254901962
 0.28235294117647058 0.28235294117647058 0.28235294117647058
 0.28627450980392155 0.28627450980392155 0.28627450980392155
 0.29019607843137257 0.29019607843137257 0.29019607843137257
 0.29411764705882354 0.29411764705882354 0.29411764705882354
 0.29803921568627451 0.29803921568627451 0.29803921568627451
 0.30196078431372547 0.30196078431372547 0.30196078431372547
 0.30588235294117649 0.30588235294117649 0.30588235294117649
 0.30980392156862746 0.30980392156862746 0.30980392156862746
 0.31372549019607843 0.31372549019607843 0.31372549019607843
 0.31764705882352939 0.31764705882352939 0.31764705882352939
 0.32156862745098042 0.32156862745098042 0.32156862745098042
 0.32549019607843138 0.32549019607843138 0.32549019607843138
 0.32941176470588235 0.32941176470588235 0.32941176470588235
 0.33333333333333331 0.33333333333333331 0.33333333333333331
 0.33725490196078434 0.33725490196078434 0.33725490196078434
 0.3411764705882353 0.3411764705882353 0.3411764705882353
 0.34509803921568627 0.34509803921568627 0.34509803921568627
 0.34901960784313724 0.34901960784313724 0.34901960784313724
 0.35294117647058826 0.35294117647058826 0.35294117647058826
 0.35686274509803922 0.35686274509803922 0.35686274509803922
 0.36078431372549019 0.36078431372549019 0.36078431372549019
 0.36470588235294116 0.36470588235294116 0.36470588235294116
 0.36862745098039218 0.36862745098039218 0.36862745098039218
 0.37254901960784315 0.37254901960784315 0.37254901960784315
 0.37647058823529411 0.37647058823529411 0.37647058823529411
 0.38039215686274508 0.38039215686274508 0.38039215686274508
 0.3843137254901961 0.3843137254901961 0.3843137254901961
 0.38823529411764707 0.38823529411764707 0.38823529411764707
 0.39215686274509803 0.39215686274509803 0.39215686274509803
 0.396078431372549 0.396078431372549 0.396078431372549
 0.40000000000000002 0.40000000000000002 0.40000000000000002
 0.40392156862745099 0.40392156862745099 0.40392156862745099
 0.40784313725490196 0.40784313725490196 0.40784313725490196
 0.41176470588235292 0.41176470588235292 0.41176470588235292
 0.41568627450980394 0.41568627450980394 0.41568627450980394
 0.41960784313725491 0.41960784313725491 0.41960784313725491
 0.42352941176470588 0.42352941176470588 0.42352941176470588
 0.42745098039215684 0.42745098039215684 0.42745098039215684
 0.43137254901960786 0.43137254901960786 0.43137254901960786
 0.43529411764705883 0.43529411764705883 0.43529411764705883
 0.4392156862745098 0.4392156862745098 0.4392156862745098
 0.44313725490196076 0.44313725490196076 0.44313725490196076
 0.44705882352941179 0.44705882352941179 0.44705882352941179
 0.45098039215686275 0.45098039215686275 0.45098039215686275
